-70   125,516900563094   
-69   124,764580115457   
-68   124,024736229802   
-67   123,297294921124   
-66   122,582183444687   
-65   121,879330288746   
-64   121,1886651674   
-63   120,510119013562   
-62   119,843623972051   
-61   119,189113392807   
-60   118,546521824227   
-59   117,915785006618   
-58   117,296839865774   
-57   116,689624506664   
-56   116,094078207246   
-55   115,510141412394   
-54   114,937755727942   
-53   114,376863914845   
-52   113,827409883454   
-51   113,289338687908   
-50   112,762596520638   
-49   112,24713070699   
-48   111,742889699952   
-47   111,249823075003   
-46   110,76788152507   
-45   110,297016855597   
-44   109,837181979724   
-43   109,38833091358   
-42   108,950418771685   
-41   108,523401762459   
-40   108,107237183845   
-39   107,70188341904   
-38   107,307299932329   
-37   106,923447265034   
-36   106,550287031569   
-35   106,187781915599   
-34   105,83589566631   
-33   105,494593094785   
-32   105,163840070482   
-31   104,843603517823   
-30   104,533851412886   
-29   104,234552780202   
-28   103,945677689658   
-27   103,667197253505   
-26   103,399083623467   
-25   103,141309987957   
-24   102,893850569398   
-23   102,656680621641   
-22   102,429776427493   
-21   102,213115296347   
-20   102,006675561908   
-19   101,810436580031   
-18   101,624378726654   
-17   101,448483395837   
-16   101,282732997901   
-15   101,127110957667   
-14   100,981601712802   
-13   100,846190712259   
-12   100,720864414827   
-11   100,60561028777   
-10   100,50041680558   
-9   100,405273448822   
-8   100,32017070308   
-7   100,245100058008   
-6   100,18005400648   
-5   100,125026043837   
-4   100,080010667236   
-3   100,045003375101   
-2   100,020000666676   
-1   100,005000041667   
0   100   
1   100,005000041667   
2   100,020000666676   
3   100,045003375101   
4   100,080010667236   
5   100,125026043837   
6   100,18005400648   
7   100,245100058008   
8   100,32017070308   
9   100,405273448822   
10   100,50041680558   
11   100,60561028777   
12   100,720864414827   
13   100,846190712259   
14   100,981601712802   
15   101,127110957667   
16   101,282732997901   
17   101,448483395837   
18   101,624378726654   
19   101,810436580031   
20   102,006675561908   
21   102,213115296347   
22   102,429776427493   
23   102,656680621641   
24   102,893850569398   
25   103,141309987957   
26   103,399083623467   
27   103,667197253505   
28   103,945677689658   
29   104,234552780202   
30   104,533851412886   
31   104,843603517823   
32   105,163840070482   
33   105,494593094785   
34   105,83589566631   
35   106,187781915599   
36   106,550287031569   
37   106,923447265034   
38   107,307299932329   
39   107,70188341904   
40   108,107237183845   
41   108,523401762459   
42   108,950418771685   
43   109,38833091358   
44   109,837181979724   
45   110,297016855597   
46   110,76788152507   
47   111,249823075003   
48   111,742889699952   
49   112,24713070699   
50   112,762596520638   
51   113,289338687908   
52   113,827409883454   
53   114,376863914845   
54   114,937755727942   
55   115,510141412394   
56   116,094078207246   
57   116,689624506664   
58   117,296839865774   
59   117,915785006618   
60   118,546521824227   
61   119,189113392807   
62   119,843623972051   
63   120,510119013562   
64   121,1886651674   
65   121,879330288746   
66   122,582183444687   
67   123,297294921124   
68   124,024736229802   
69   124,764580115457   
70   125,516900563094   
0   0   
